AS7262 - first
งดน้ำ กข43
[-0.79110721 22.9138226   0.53154755  0.95771699]
[0.0653389  0.52888631 0.10958002 0.01508225]
งดน้ำ กข79
[-0.83386601 23.01500807  0.4263335   0.97116835]
[0.03318975 0.34831041 0.05601278 0.01344321]
งดน้ำ กข85
[-0.85551607 23.11055922  0.40998753  1.00334521]
[0.03273594 0.33326329 0.05113231 0.0138337 ]
งดน้ำ ปทุมธานี 1
[-0.75034867 23.13173479  0.32725008  0.90610822]
[0.07183649 0.80093152 0.06534417 0.01782186]

AS7262 - second
งดน้ำ กข43
[-0.78109636  8.7872705   0.76345686  0.9177564 ]
[0.05537676 0.35724861 0.18205138 0.03729397]
งดน้ำ กข79
[-0.82485937  8.44488484  0.49866248  0.92949164]
[0.06017325 0.452019   0.10608004 0.04618643]
งดน้ำ กข85
[-0.82889107  8.36677064  0.44776923  0.95625582]
[0.07642809 0.57744651 0.11292429 0.0581662 ]
งดน้ำ ปทุมธานี 1
[-0.87344554  7.28885777  0.39481577  0.97690822]
[0.11172067 0.73594024 0.11554189 0.0842693 ]

